1301,
1332,
1333,
1375,
1377,
1379,
1407,
1414,
1417,
1419,
1435,
1515,
1518,
1605,
1662,
1712,
1719,
1720,
1721,
1726,
1762,
1766,
1780,
1801,
1802,
1803,
1805,
1808,
1812,
1813,
1815,
1820,
1821,
1822,
1833,
1835,
1852,
1860,
1861,
1870,
1871,
1878,
1882,
1884,
1885,
1887,
1890,
1893,
1898,
1911,
1925,
1926,
1928,
1929,
1934,
1941,
1942,
1944,
1949,
1950,
1951,
1959,
1961,
1963,
1967,
1968,
1969,
1973,
1976,
1979,
1982,
2001,
2002,
2004,
2053,
2060,
2109,
2117,
2121,
2124,
2127,
2130,
2138,
2146,
2148,
2150,
2153,
2154,
2157,
2158,
2160,
2163,
2168,
2170,
2175,
2181,
2183,
2193,
2198,
2201,
2206,
2211,
2212,
2217,
2220,
2222,
2229,
2264,
2267,
2269,
2270,
2281,
2282,
2292,
2294,
2296,
2305,
2309,
2317,
2326,
2327,
2331,
2337,
2353,
2371,
2372,
2374,
2375,
2378,
2379,
2384,
2389,
2395,
2412,
2413,
2427,
2429,
2432,
2433,
2438,
2453,
2461,
2462,
2471,
2477,
2484,
2489,
2491,
2492,
2497,
2501,
2502,
2503,
2531,
2533,
2579,
2587,
2590,
2593,
2594,
2602,
2607,
2613,
2651,
2659,
2664,
2670,
2678,
2681,
2685,
2692,
2695,
2698,
2702,
2715,
2726,
2730,
2733,
2734,
2737,
2749,
2752,
2760,
2764,
2767,
2768,
2782,
2784,
2790,
2791,
2792,
2801,
2802,
2804,
2809,
2810,
2811,
2815,
2871,
2874,
2875,
2897,
2908,
2910,
2914,
2918,
2929,
2930,
2931,
2933,
2975,
2980,
3001,
3002,
3003,
3028,
3030,
3031,
3034,
3036,
3038,
3040,
3046,
3048,
3050,
3053,
3064,
3073,
3076,
3086,
3087,
3088,
3091,
3092,
3093,
3097,
3099,
3101,
3104,
3105,
3106,
3107,
3110,
3116,
3132,
3134,
3139,
3141,
3148,
3150,
3151,
3156,
3159,
3167,
3175,
3179,
3180,
3182,
3186,
3191,
3193,
3196,
3197,
3198,
3201,
3221,
3222,
3231,
3232,
3244,
3245,
3252,
3254,
3284,
3288,
3289,
3291,
3302,
3315,
3319,
3328,
3333,
3341,
3349,
3360,
3382,
3387,
3391,
3393,
3395,
3397,
3401,
3402,
3405,
3407,
3415,
3433,
3436,
3443,
3445,
3452,
3465,
3475,
3479,
3480,
3491,
3539,
3543,
3546,
3547,
3548,
3549,
3558,
3561,
3563,
3565,
3569,
3591,
3593,
3608,
3612,
3626,
3632,
3633,
3635,
3636,
3649,
3655,
3656,
3657,
3659,
3660,
3661,
3662,
3665,
3667,
3668,
3672,
3673,
3676,
3677,
3678,
3679,
3681,
3687,
3688,
3692,
3694,
3696,
3697,
3708,
3723,
3738,
3750,
3762,
3765,
3769,
3771,
3774,
3778,
3784,
3788,
3817,
3834,
3835,
3836,
3837,
3844,
3852,
3854,
3857,
3861,
3863,
3865,
3880,
3891,
3896,
3901,
3902,
3903,
3914,
3915,
3916,
3921,
3922,
3923,
3925,
3926,
3932,
3933,
3937,
3939,
3941,
3962,
3964,
3969,
3978,
3983,
3984,
3990,
3993,
3994,
3996,
3998,
4004,
4005,
4008,
4017,
4021,
4022,
4023,
4025,
4026,
4028,
4041,
4042,
4043,
4044,
4045,
4046,
4047,
4051,
4053,
4055,
4056,
4058,
4061,
4062,
4063,
4071,
4072,
4078,
4080,
4082,
4088,
4091,
4092,
4095,
4097,
4109,
4112,
4114,
4118,
4125,
4151,
4167,
4170,
4175,
4176,
4177,
4180,
4182,
4183,
4185,
4186,
4187,
4188,
4189,
4192,
4193,
4194,
4202,
4203,
4204,
4205,
4206,
4208,
4212,
4215,
4216,
4218,
4220,
4228,
4246,
4259,
4272,
4290,
4293,
4298,
4301,
4307,
4308,
4312,
4318,
4324,
4326,
4337,
4343,
4344,
4345,
4348,
4350,
4362,
4368,
4369,
4371,
4373,
4375,
4377,
4382,
4384,
4385,
4388,
4396,
4397,
4401,
4403,
4412,
4413,
4419,
4420,
4424,
4425,
4427,
4429,
4431,
4432,
4433,
4434,
4436,
4438,
4441,
4442,
4443,
4446,
4448,
4449,
4452,
4461,
4471,
4475,
4477,
4478,
4479,
4480,
4481,
4483,
4485,
4490,
4493,
4495,
4498,
4499,
4502,
4503,
4506,
4507,
4516,
4519,
4521,
4523,
4526,
4527,
4528,
4530,
4534,
4536,
4540,
4543,
4544,
4547,
4548,
4549,
4551,
4552,
4553,
4554,
4559,
4563,
4565,
4568,
4569,
4572,
4574,
4578,
4579,
4581,
4582,
4587,
4588,
4592,
4593,
4595,
4599,
4611,
4612,
4613,
4617,
4626,
4631,
4633,
4634,
4641,
4661,
4665,
4666,
4674,
4676,
4680,
4681,
4684,
4686,
4689,
4694,
4704,
4714,
4716,
4722,
4726,
4732,
4733,
4743,
4745,
4751,
4763,
4765,
4768,
4776,
4812,
4813,
4816,
4819,
4820,
4825,
4848,
4849,
4880,
4883,
4886,
4887,
4901,
4902,
4911,
4912,
4917,
4919,
4921,
4922,
4927,
4928,
4931,
4933,
4934,
4936,
4951,
4956,
4958,
4967,
4970,
4971,
4974,
4975,
4978,
4980,
4985,
4992,
4996,
4997,
4998,
5011,
5017,
5019,
5020,
5021,
5032,
5036,
5074,
5076,
5101,
5105,
5108,
5110,
5122,
5142,
5186,
5191,
5192,
5195,
5201,
5202,
5208,
5214,
5218,
5232,
5233,
5273,
5288,
5290,
5301,
5302,
5310,
5331,
5332,
5333,
5334,
5344,
5351,
5352,
5357,
5384,
5393,
5401,
5406,
5408,
5410,
5411,
5423,
5440,
5444,
5449,
5451,
5463,
5471,
5480,
5481,
5482,
5541,
5563,
5602,
5631,
5659,
5702,
5703,
5706,
5707,
5711,
5713,
5714,
5715,
5726,
5727,
5741,
5759,
5801,
5802,
5803,
5805,
5830,
5831,
5832,
5844,
5851,
5857,
5901,
5911,
5929,
5930,
5932,
5938,
5943,
5947,
5949,
5957,
5959,
5970,
5975,
5976,
5986,
5988,
5989,
5991,
5992,
6005,
6013,
6027,
6028,
6035,
6036,
6049,
6050,
6055,
6058,
6062,
6070,
6071,
6078,
6080,
6082,
6088,
6089,
6094,
6095,
6096,
6098,
6099,
6101,
6103,
6104,
6113,
6118,
6125,
6134,
6135,
6136,
6140,
6141,
6143,
6145,
6146,
6167,
6178,
6182,
6183,
6184,
6191,
6194,
6196,
6197,
6199,
6200,
6201,
6222,
6226,
6232,
6235,
6238,
6240,
6245,
6250,
6254,
6258,
6262,
6264,
6266,
6268,
6269,
6272,
6273,
6277,
6278,
6282,
6284,
6287,
6289,
6293,
6298,
6301,
6302,
6305,
6306,
6310,
6315,
6323,
6324,
6326,
6328,
6330,
6339,
6340,
6345,
6349,
6356,
6358,
6361,
6363,
6366,
6367,
6368,
6369,
6370,
6371,
6376,
6379,
6383,
6387,
6395,
6406,
6407,
6412,
6417,
6418,
6419,
6420,
6425,
6430,
6432,
6436,
6440,
6444,
6448,
6454,
6455,
6457,
6458,
6459,
6460,
6463,
6464,
6465,
6470,
6471,
6472,
6473,
6474,
6479,
6480,
6481,
6486,
6490,
6498,
6501,
6503,
6504,
6506,
6507,
6508,
6516,
6521,
6522,
6523,
6526,
6532,
6533,
6535,
6538,
6539,
6544,
6556,
6560,
6564,
6571,
6572,
6584,
6586,
6588,
6590,
6592,
6594,
6615,
6616,
6617,
6619,
6622,
6629,
6630,
6632,
6638,
6640,
6644,
6645,
6651,
6652,
6653,
6670,
6674,
6676,
6699,
6701,
6702,
6703,
6706,
6707,
6723,
6724,
6727,
6728,
6730,
6736,
6737,
6740,
6741,
6742,
6744,
6750,
6752,
6753,
6754,
6755,
6758,
6762,
6768,
6770,
6777,
6778,
6779,
6787,
6789,
6794,
6800,
6804,
6806,
6807,
6810,
6814,
6823,
6834,
6841,
6844,
6845,
6849,
6855,
6856,
6857,
6859,
6861,
6866,
6869,
6871,
6875,
6877,
6890,
6902,
6904,
6905,
6908,
6914,
6920,
6923,
6925,
6927,
6929,
6937,
6941,
6951,
6952,
6954,
6955,
6958,
6961,
6962,
6963,
6965,
6966,
6967,
6971,
6976,
6981,
6986,
6988,
6995,
6996,
6997,
6999,
7003,
7004,
7011,
7012,
7013,
7014,
7033,
7034,
7038,
7044,
7048,
7061,
7065,
7068,
7071,
7085,
7088,
7092,
7094,
7095,
7096,
7105,
7128,
7133,
7148,
7157,
7164,
7167,
7172,
7173,
7177,
7180,
7181,
7182,
7184,
7186,
7187,
7189,
7192,
7198,
7199,
7201,
7202,
7203,
7205,
7211,
7220,
7222,
7224,
7226,
7231,
7236,
7239,
7240,
7241,
7242,
7244,
7245,
7246,
7250,
7256,
7259,
7261,
7267,
7269,
7270,
7271,
7272,
7276,
7278,
7279,
7280,
7282,
7283,
7287,
7294,
7296,
7309,
7313,
7315,
7322,
7327,
7337,
7342,
7354,
7358,
7370,
7373,
7379,
7380,
7381,
7383,
7408,
7412,
7419,
7420,
7421,
7433,
7447,
7451,
7453,
7456,
7458,
7459,
7463,
7476,
7483,
7494,
7508,
7512,
7513,
7516,
7518,
7522,
7532,
7537,
7545,
7550,
7552,
7554,
7564,
7575,
7581,
7593,
7595,
7599,
7600,
7601,
7605,
7606,
7611,
7613,
7616,
7630,
7638,
7649,
7679,
7701,
7702,
7715,
7716,
7717,
7718,
7725,
7727,
7729,
7730,
7731,
7732,
7733,
7734,
7735,
7739,
7740,
7741,
7744,
7745,
7747,
7751,
7752,
7762,
7774,
7779,
7780,
7803,
7806,
7817,
7818,
7820,
7821,
7826,
7832,
7839,
7840,
7844,
7846,
7856,
7860,
7864,
7867,
7868,
7874,
7888,
7906,
7911,
7912,
7915,
7917,
7921,
7936,
7942,
7943,
7944,
7947,
7951,
7955,
7956,
7965,
7966,
7970,
7974,
7981,
7984,
7988,
7990,
7994,
7995,
8001,
8002,
8005,
8008,
8012,
8014,
8015,
8016,
8020,
8022,
8031,
8032,
8035,
8050,
8051,
8053,
8056,
8057,
8058,
8059,
8060,
8068,
8070,
8074,
8075,
8078,
8079,
8084,
8086,
8088,
8093,
8095,
8097,
8098,
8101,
8111,
8113,
8114,
8125,
8129,
8130,
8133,
8136,
8140,
8141,
8151,
8153,
8154,
8155,
8157,
8159,
8160,
8163,
8167,
8168,
8173,
8174,
8179,
8182,
8185,
8194,
8200,
8203,
8214,
8217,
8218,
8219,
8227,
8233,
8237,
8242,
8252,
8253,
8255,
8267,
8273,
8276,
8278,
8279,
8281,
8282,
8283,
8285,
8304,
8306,
8308,
8309,
8316,
8331,
8334,
8336,
8341,
8344,
8345,
8354,
8358,
8359,
8360,
8361,
8366,
8367,
8368,
8370,
8377,
8381,
8386,
8387,
8388,
8392,
8393,
8399,
8410,
8411,
8418,
8424,
8425,
8439,
8473,
8511,
8515,
8522,
8541,
8544,
8566,
8570,
8572,
8584,
8591,
8593,
8595,
8601,
8609,
8613,
8616,
8622,
8624,
8628,
8630,
8697,
8698,
8699,
8706,
8707,
8714,
8715,
8725,
8750,
8766,
8771,
8793,
8795,
8798,
8801,
8802,
8803,
8804,
8818,
8830,
8841,
8848,
8850,
8860,
8864,
8871,
8876,
8877,
8881,
8892,
8897,
8905,
8914,
8919,
8920,
8923,
8929,
8934,
8935,
9001,
9003,
9005,
9006,
9007,
9008,
9009,
9010,
9020,
9021,
9022,
9024,
9025,
9031,
9037,
9039,
9041,
9042,
9044,
9045,
9046,
9048,
9055,
9058,
9064,
9065,
9069,
9072,
9075,
9076,
9081,
9090,
9101,
9104,
9107,
9110,
9119,
9142,
9143,
9147,
9161,
9201,
9202,
9204,
9216,
9229,
9232,
9246,
9260,
9262,
9267,
9270,
9273,
9274,
9279,
9301,
9302,
9303,
9308,
9310,
9332,
9336,
9347,
9364,
9380,
9381,
9401,
9404,
9409,
9412,
9413,
9416,
9418,
9424,
9432,
9433,
9434,
9435,
9438,
9449,
9450,
9467,
9468,
9470,
9474,
9501,
9502,
9503,
9504,
9505,
9506,
9507,
9508,
9509,
9511,
9513,
9514,
9517,
9519,
9522,
9531,
9532,
9533,
9543,
9551,
9552,
9601,
9602,
9603,
9605,
9612,
9613,
9616,
9621,
9627,
9629,
9663,
9672,
9678,
9682,
9684,
9692,
9697,
9699,
9702,
9706,
9715,
9716,
9719,
9722,
9735,
9739,
9740,
9742,
9743,
9744,
9746,
9749,
9755,
9757,
9759,
9760,
9766,
9768,
9769,
9783,
9787,
9790,
9793,
9824,
9828,
9830,
9831,
9832,
9837,
9843,
9861,
9869,
9873,
9882,
9887,
9889,
9900,
9902,
9928,
9934,
9936,
9946,
9948,
9956,
9960,
9962,
9974,
9979,
9983,
9984,
9987,
9989,
9995,
9997
